1
469
0
1
2
3
4
5
6
7
8
9
10
11
12
13
14
15
16
17
18
19
20
21
22
23
24
25
26
27
28
29
30
31
32
33
34
35
36
37
38
39
40
41
42
43
44
45
46
47
48
49
50
51
52
53
54
55
56
57
58
59
60
61
62
63
64
65
66
67
68
69
70
71
72
73
74
75
76
149
356
77
150
357
78
151
358
79
152
359
80
153
360
81
154
361
82
155
362
83
363
84
364
369
375
380
85
365
370
376
381
86
366
371
377
382
87
367
378
88
368
379
89
372
386
383
389
90
373
387
384
390
91
374
388
385
391
92
392
93
393
94
95
96
97
98
142
318
99
143
319
100
144
320
101
145
321
102
135
280
146
322
103
136
281
147
323
104
137
282
148
324
105
138
283
325
106
128
242
139
284
326
331
337
342
107
129
243
140
285
327
332
338
343
108
130
244
141
286
328
333
339
344
109
131
245
287
329
340
110
121
204
132
246
288
293
299
304
330
341
111
122
205
133
247
289
294
300
305
334
348
345
351
112
123
206
134
248
290
295
301
306
335
349
346
352
113
124
207
249
291
302
336
350
347
353
114
166
125
208
250
255
261
266
292
303
354
115
167
126
209
251
256
262
267
296
310
307
313
355
116
168
127
210
252
257
263
268
297
311
308
314
117
169
211
253
264
298
312
309
315
118
170
212
217
223
228
254
265
316
119
171
213
218
224
229
258
272
269
275
317
120
172
214
219
225
230
259
273
270
276
156
173
215
226
260
274
271
277
157
174
179
185
190
216
227
278
158
175
180
186
191
220
234
231
237
279
159
176
181
187
192
221
235
232
238
160
177
188
222
236
233
239
161
178
189
240
162
182
196
193
199
241
163
401
183
197
194
200
164
402
184
198
195
201
165
202
203
394
395
396
397
398
399
400
403
404
405
406
418
407
408
412
419
409
413
420
410
414
411
415
416
417
422
421
423
424
426
425
427
428
429
430
438
450
431
439
440
444
451
432
441
445
452
433
442
446
434
436
466
443
435
437
447
448
449
454
453
455
456
458
457
459
460
461
462
463
464
465
467
468
