0 0 TIDL_cast_in 
1 1 TIDL_cast_in_netFormat 
2 2 input 
3 3 453 
4 4 456 
5 5 458 
6 6 461 
7 7 464 
8 8 466 
9 9 469 
10 10 472 
11 11 474 
12 12 475 
13 13 478 
14 14 481 
15 15 483 
16 16 486 
17 17 489 
18 18 491 
19 19 492 
20 20 495 
21 21 498 
22 22 500 
23 23 501 
24 24 504 
25 25 507 
26 26 509 
27 27 512 
28 28 515 
29 29 517 
30 30 518 
31 31 521 
32 32 524 
33 33 526 
34 34 527 
35 35 530 
36 36 533 
37 37 535 
38 38 536 
39 39 539 
40 40 542 
41 41 544 
42 42 547 
43 43 550 
44 44 552 
45 45 553 
46 46 556 
47 47 559 
48 48 561 
49 49 562 
50 50 565 
51 51 627 
52 52 623 
53 53 568 
54 54 628 
55 55 624 
56 56 570 
57 57 573 
58 58 576 
59 59 578 
60 60 579 
61 61 582 
62 62 585 
63 63 587 
64 64 588 
65 65 591 
66 66 594 
67 67 596 
68 68 599 
69 69 635 
70 70 631 
71 71 602 
72 72 636 
73 73 632 
74 74 605 
75 75 643 
76 76 639 
77 77 608 
78 78 644 
79 79 640 
80 80 611 
81 81 651 
82 82 647 
83 83 614 
84 84 652 
85 85 648 
86 86 617 
87 87 659 
88 88 655 
89 89 620 
90 90 660 
91 91 656 
92 92 667 
93 93 663 
94 94 668 
95 95 664 
96 96 boxes_det 
97 97 boxes 
98 98 labels 
99 0 TIDL_cast_in 
100 0 TIDL_cast_in 
