0 0 TIDL_cast_in 
1 1 TIDL_cast_in_netFormat 
2 2 input.1 
3 3 269 
4 4 274 
5 5 271 
6 6 277 
7 7 279 
8 8 281 
9 9 286 
10 10 283 
11 11 289 
12 12 291 
13 13 293 
14 14 298 
15 15 295 
16 16 301 
17 17 303 
18 18 305 
19 19 308 
20 20 311 
21 21 313 
22 22 315 
23 23 318 
24 24 321 
25 25 323 
26 26 325 
27 27 328 
28 28 331 
29 29 333 
30 30 335 
31 31 340 
32 32 337 
33 33 343 
34 34 345 
35 35 347 
36 36 350 
37 37 353 
38 38 355 
39 39 357 
40 40 360 
41 41 363 
42 42 365 
43 43 367 
44 44 370 
45 45 373 
46 46 375 
47 47 377 
48 48 380 
49 49 383 
50 50 385 
51 51 387 
52 52 390 
53 53 393 
54 54 395 
55 55 397 
56 56 400 
57 57 403 
58 58 405 
59 59 407 
60 60 408 
61 61 409 
62 62 410_netFormat 
63 63 410 
64 0 TIDL_cast_in 
