0 0 TIDL_cast_in 
1 1 TIDL_cast_in_netFormat 
2 2 input.1 
3 3 538 
4 4 541 
5 5 853 
6 6 544 
7 7 850 
8 8 550 
9 9 553 
10 10 865 
11 11 824_netFormat 
12 12 556 
13 13 824 
14 14 862 
15 0 TIDL_cast_in 
16 16 562 
17 17 565 
18 18 568 
19 19 874 
20 20 572 
21 21 575 
22 22 886 
23 23 809_netFormat 
24 24 578 
25 25 809 
26 26 883 
27 0 TIDL_cast_in 
28 28 584 
29 29 587 
30 30 590 
31 31 895 
32 32 594 
33 33 597 
34 34 600 
35 35 904 
36 36 604 
37 37 607 
38 38 610 
39 39 913 
40 40 614 
41 41 617 
42 42 620 
43 43 922 
44 44 624 
45 45 627 
46 46 630 
47 47 931 
48 48 634 
49 49 637 
50 50 640 
51 51 940 
52 52 644 
53 53 647 
54 54 952 
55 55 794_netFormat 
56 56 650 
57 57 794 
58 58 949 
59 0 TIDL_cast_in 
60 60 656 
61 61 659 
62 62 662 
63 63 961 
64 64 666 
65 65 669 
66 66 672 
67 67 970 
68 68 676 
69 69 679 
70 70 682 
71 71 979 
72 72 686 
73 73 689 
74 74 692 
75 75 988 
76 76 696 
77 77 699 
78 78 702 
79 79 997 
80 80 706 
81 81 709 
82 82 712 
83 83 1006 
84 84 716 
85 85 719 
86 86 722 
87 87 1015 
88 88 726 
89 89 729 
90 90 732 
91 91 1024 
92 92 736 
93 93 739 
94 94 742 
95 95 1033 
96 96 746 
97 97 749 
98 98 752 
99 99 1042 
100 100 756 
101 101 759 
102 102 762 
103 103 1051 
104 104 766_netFormat 
105 105 766 
106 0 TIDL_cast_in 
