1
329
0
1
2
3
4
5
6
7
8
10
9
11
12
13
14
15
16
17
18
19
20
21
22
24
23
25
26
27
28
29
30
31
32
33
34
35
36
37
38
39
40
41
42
43
44
45
46
48
47
49
50
51
52
53
54
55
56
57
58
59
60
61
62
63
64
65
66
67
68
69
70
71
72
74
78
73
75
79
76
80
77
81
82
83
84
85
86
87
89
88
90
91
92
93
94
95
96
97
98
99
100
101
102
104
103
105
106
107
108
109
110
111
112
113
114
115
116
117
119
118
120
121
122
123
124
125
126
127
128
156
129
157
130
162
166
131
133
163
167
132
134
164
168
135
165
169
136
170
171
172
137
173
138
198
199
200
139
237
243
231
140
238
244
232
141
142
158
143
159
144
174
178
145
147
175
179
146
148
176
180
149
177
181
150
182
183
184
151
185
152
201
202
203
153
239
245
233
154
240
246
234
155
160
161
186
190
187
191
188
192
189
193
194
195
196
197
204
205
206
241
247
235
242
248
236
251
252
249
255
260
253
250
261
286
285
288
289
290
291
292
293
296
299
303
294
297
300
304
298
301
305
302
307
313
314
207
210
212
208
209
211
213
214
215
218
220
216
217
219
221
222
223
226
228
224
225
227
229
230
254
256
258
262
257
263
259
265
269
273
277
264
268
272
276
266
270
274
278
267
271
275
279
280
281
282
283
284
287
295
306
308
309
310
311
312
315
316
317
318
319
320
321
324
328
322
323
325
326
327
