0 0 x.1 
1 1 x.1_netFormat 
2 2 522 
3 3 529 
4 4 536 
5 5 543 
6 6 550 
7 7 557 
8 8 564 
9 9 571 
10 10 578 
11 11 585 
12 12 591 
13 13 598 
14 14 946 
15 15 605 
16 16 612 
17 17 619 
18 18 626 
19 19 633 
20 20 639 
21 21 646 
22 22 653 
23 23 660 
24 24 666 
25 25 673 
26 26 680 
27 27 687 
28 28 694 
29 29 701 
30 30 708 
31 31 714 
32 32 721 
33 33 728 
34 34 735 
35 35 741 
36 36 748 
37 37 755 
38 38 762 
39 39 768 
40 40 775 
41 41 782 
42 42 789 
43 43 796 
44 44 803 
45 45 810 
46 46 816 
47 47 823 
48 48 830 
49 49 837 
50 50 843 
51 51 850 
52 52 857 
53 53 864 
54 54 871 
55 55 878 
56 56 885 
57 57 891 
58 58 898 
59 59 905 
60 60 912 
61 61 918 
62 62 925 
63 63 932 
64 64 939 
65 65 960 
66 66 974 
67 67 988 
68 68 953 
69 69 967 
70 70 981 
71 71 995 
72 72 1001 
73 73 1008 
74 74 1018 
75 75 1024 
76 76 1031 
77 77 1037 
78 78 1047 
79 79 1048 
80 0 x.1 
