1
274
0
1
2
3
4
5
6
13
7
14
8
9
10
11
12
15
16
17
18
19
20
37
21
38
22
23
24
25
26
27
28
29
30
31
32
33
34
35
36
39
40
41
42
43
44
61
45
62
46
47
48
49
50
51
52
53
54
55
56
57
58
59
60
63
64
65
66
67
68
69
70
71
72
73
74
75
76
77
78
79
85
80
86
81
82
83
84
87
88
89
90
91
92
93
94
100
95
101
96
97
98
99
102
103
104
105
106
107
108
109
115
110
116
111
112
113
114
117
118
119
120
194
121
195
122
196
201
207
123
129
197
202
208
124
130
198
203
209
125
199
204
210
126
200
205
206
211
127
212
128
213
131
214
132
215
133
216
134
171
135
172
136
173
178
184
137
143
174
179
185
138
144
175
180
186
139
176
181
187
140
177
182
183
188
141
189
142
190
145
191
146
192
147
193
148
149
150
155
161
151
156
162
152
157
163
153
158
164
154
159
160
165
166
167
168
169
170
217
218
219
220
221
222
223
224
225
226
227
228
229
230
231
232
233
235
237
239
234
238
236
241
240
242
243
244
245
246
247
256
259
248
257
249
258
250
260
251
252
253
254
255
261
262
265
266
263
267
264
268
269
270
271
272
273
