1
257
0
1
2
3
4
5
6
7
8
15
9
16
10
11
12
13
14
17
18
19
20
21
22
39
23
40
24
25
26
27
28
29
30
31
32
33
34
35
36
37
38
41
42
43
44
45
46
63
47
64
48
49
50
51
52
53
54
55
56
57
58
59
60
61
62
65
66
67
68
69
70
71
72
73
74
75
76
77
78
79
80
81
87
82
88
83
84
85
86
89
90
91
92
93
94
95
96
102
97
103
98
99
100
101
104
105
106
107
108
109
110
111
117
112
118
113
114
115
116
119
120
121
122
184
123
185
124
186
192
125
131
187
193
126
132
188
194
127
189
195
128
190
191
196
129
197
130
198
211
230
133
199
212
231
134
200
213
232
135
136
167
137
168
138
169
175
139
145
170
176
140
146
171
177
141
172
178
142
173
174
179
143
180
144
181
208
227
147
182
209
228
148
183
210
229
149
150
151
152
158
153
159
154
160
155
161
156
157
162
163
164
205
224
165
206
225
166
207
226
201
214
233
202
215
234
239
203
216
235
240
204
222
236
241
217
237
245
242
247
218
238
246
219
243
250
248
252
220
244
251
249
253
221
254
223
255
256
