0 0 TIDL_cast_in 
1 1 TIDL_cast_in_netFormat 
2 2 996 
3 3 473 
4 4 476 
5 5 482 
6 6 479 
7 7 485 
8 8 488 
9 9 489 
10 10 490 
11 11 493 
12 12 496 
13 13 502 
14 14 499 
15 15 505 
16 16 508 
17 17 509 
18 18 512 
19 19 515 
20 20 516 
21 21 519 
22 22 522 
23 23 523 
24 24 524 
25 25 527 
26 26 530 
27 27 536 
28 28 533 
29 29 539 
30 30 542 
31 31 543 
32 32 546 
33 33 549 
34 34 550 
35 35 553 
36 36 556 
37 37 557 
38 38 558 
39 39 561 
40 40 564 
41 41 567 
42 42 574 
43 43 575 
44 44 576 
45 45 577 
46 46 578 
47 47 579 
48 48 580 
49 49 583 
50 50 589 
51 51 586 
52 52 592 
53 53 595 
54 54 596 
55 55 599 
56 56 602 
57 57 607 
58 58 608 
59 59 614 
60 60 611 
61 61 617 
62 62 620 
63 63 621 
64 64 624 
65 65 627 
66 66 632 
67 67 633 
68 68 639 
69 69 636 
70 70 642 
71 71 645 
72 72 646 
73 73 649 
74 74 652 
75 75 692 
76 76 653 
77 77 701 
78 78 707 
79 79 659 
80 80 656 
81 81 704 
82 82 710 
83 83 662 
84 84 711 
85 85 712 
86 86 713 
87 87 665 
88 88 714 
89 89 666 
90 90 669 
91 91 672 
92 92 695 
93 93 673 
94 94 717 
95 95 723 
96 96 679 
97 97 676 
98 98 720 
99 99 726 
100 100 682 
101 101 727 
102 102 728 
103 103 729 
104 104 685 
105 105 730 
106 106 686 
107 107 689 
108 108 698 
109 109 733 
110 110 739 
111 111 736 
112 112 742 
113 113 743 
114 114 744 
115 115 745 
116 116 746 
117 117 dets_det 
118 118 dets 
119 119 labels 
120 0 TIDL_cast_in 
121 0 TIDL_cast_in 
