0 0 TIDL_cast_in 
1 1 TIDL_cast_in_netFormat 
2 2 input.1 
3 3 370 
4 4 373 
5 5 375 
6 6 378 
7 7 381 
8 8 383 
9 9 386 
10 10 389 
11 11 391 
12 12 392 
13 13 395 
14 14 516 
15 15 398 
16 16 400 
17 17 403 
18 18 406 
19 19 408 
20 20 409 
21 21 412 
22 22 415 
23 23 417 
24 24 418 
25 25 421 
26 26 424 
27 27 426 
28 28 429 
29 29 432 
30 30 434 
31 31 435 
32 32 438 
33 33 441 
34 34 443 
35 35 444 
36 36 447 
37 37 450 
38 38 452 
39 39 453 
40 40 456 
41 41 459 
42 42 461 
43 43 464 
44 44 467 
45 45 469 
46 46 470 
47 47 473 
48 48 476 
49 49 478 
50 50 479 
51 51 482 
52 52 485 
53 53 487 
54 54 490 
55 55 493 
56 56 495 
57 57 496 
58 58 499 
59 59 502 
60 60 504 
61 61 505 
62 62 508 
63 63 511 
64 64 513 
65 65 522 
66 66 528 
67 67 534 
68 68 519 
69 69 525 
70 70 531 
71 71 537 
72 72 538 
73 73 541 
74 74 551 
75 75 552 
76 76 554 
77 77 555 
78 78 556TIDL_cast_out 
79 0 TIDL_cast_in 
